      0/49     4.79G   0.08036   0.01788   0.01533    0.1136         8       640   0.01583   0.08603  0.006064  0.000978    0.1013   0.02623   0.01542
      1/49      4.7G   0.06746   0.01571   0.01022   0.09338        18       640    0.6207    0.1912    0.1108   0.02839   0.09066    0.0251   0.01407
      2/49      4.7G   0.06493   0.01403  0.009185   0.08815        45       640    0.7337    0.1873    0.1821   0.05797   0.08931   0.02332   0.01316
      3/49     4.71G   0.06152   0.01317  0.008645   0.08333        15       640    0.8245    0.2235    0.2925    0.1037   0.08654   0.02425   0.01228
      4/49     4.71G   0.05682   0.01479  0.008262   0.07988       149       640    0.3091    0.3886    0.3309    0.1182    0.0877   0.02305   0.01274
      5/49     4.71G   0.05615   0.01461  0.008627   0.07939         9       640    0.5851    0.4292    0.4732    0.1811   0.08192   0.02208   0.01167
      6/49     4.71G   0.05298   0.01481  0.008125   0.07591        49       640    0.5286    0.4946     0.479    0.1933   0.07584   0.02295   0.01118
      7/49     4.71G   0.04964   0.01281   0.00685   0.06931       120       640      0.54    0.5503    0.5539    0.2708   0.07648   0.02293   0.01106
      8/49     4.71G   0.04612   0.01363  0.006847    0.0666        35       640    0.6452    0.5241    0.5775    0.2654   0.07497   0.02116   0.01042
      9/49     4.71G   0.04154   0.01185  0.005255   0.05864        19       640    0.7137    0.6142    0.6915    0.3253   0.07563   0.01924  0.009145
     10/49     4.71G   0.04157   0.01023  0.004374   0.05617        27       640    0.7885    0.7272     0.788    0.4151   0.07283   0.01913   0.00865
     11/49     4.71G   0.03733   0.01159  0.003465   0.05239        14       640    0.7664    0.7685    0.7905    0.4575   0.07172   0.01868  0.008204
     12/49     4.71G   0.03701   0.01082  0.003298   0.05113        35       640    0.7991    0.7648    0.8165    0.4606   0.06983   0.01859  0.008038
     13/49     4.71G   0.03377   0.01095  0.002645   0.04737         9       640    0.8512    0.8317    0.8655     0.536   0.06485    0.0184  0.007078
     14/49     4.72G   0.03375   0.01035  0.002574   0.04667        26       640    0.8513    0.8168    0.8476    0.5251   0.06461   0.01881  0.007133
     15/49     4.72G   0.03277   0.01006  0.002586   0.04542        42       640    0.8846    0.7984     0.876    0.5064   0.06385   0.01926  0.006612
     16/49     4.72G   0.03285   0.01091  0.002229   0.04599        18       640    0.8725    0.8761    0.8944    0.5771   0.06002   0.01951  0.006635
     17/49     4.72G   0.03116  0.009402  0.002184   0.04275         8       640    0.8482    0.8722    0.8987    0.5387   0.05952   0.01977  0.006487
     18/49     4.72G   0.03092  0.009265  0.002291   0.04248        41       640    0.8755    0.8588    0.9091    0.5897    0.0582   0.01975  0.006538
     19/49     4.72G    0.0299   0.00959  0.002105   0.04159        48       640    0.8904    0.8661    0.9048    0.5713   0.05632   0.02034   0.00628
     20/49     4.72G   0.02948  0.009959  0.001949   0.04139        34       640    0.8607    0.8881    0.9063    0.5404   0.05699   0.02049  0.006145
     21/49     4.72G   0.03054  0.009115  0.002103   0.04176        20       640    0.8559    0.8816    0.8896    0.5523    0.0557   0.02022  0.006091
     22/49     4.72G   0.02889   0.01044  0.001929   0.04126        21       640    0.8904    0.9004    0.9229    0.5824   0.05366      0.02  0.005852
     23/49     4.72G   0.02748   0.00974  0.001548   0.03877         4       640    0.9146    0.8625    0.9192    0.5848   0.05351   0.01987  0.005631
     24/49     4.72G   0.02851  0.009213  0.001527   0.03925        17       640    0.8694    0.8962    0.9174    0.5756   0.05486    0.0195  0.005577
     25/49     4.72G   0.02715  0.008931  0.001505   0.03759        27       640    0.8922    0.8652    0.9148    0.6026   0.05387   0.01967  0.005397
     26/49     4.72G   0.02774  0.009798  0.001686   0.03922        44       640    0.8704    0.8949    0.9102    0.5879   0.05182   0.01949  0.005501
     27/49     4.72G    0.0265  0.009094  0.001384   0.03698        38       640    0.9078    0.8411    0.9128    0.6017   0.05162    0.0194  0.005444
     28/49     4.72G   0.02689  0.009253  0.001388   0.03753        62       640    0.8908    0.8811     0.926    0.5913   0.05102   0.01955  0.005616
     29/49     4.72G   0.02665  0.008867  0.001369   0.03689        28       640    0.8778    0.8978    0.9285    0.6104   0.04979   0.01948  0.005481
     30/49     4.72G   0.02534  0.008971   0.00145   0.03576        31       640    0.9559     0.831    0.9235    0.6123   0.05078   0.01963  0.005371
     31/49     4.72G   0.02535  0.009233  0.001448   0.03603        15       640    0.8986    0.8802    0.9283    0.6082   0.04977   0.01951  0.005481
     32/49     4.72G   0.02564  0.009269  0.001492    0.0364        34       640    0.9453    0.8537    0.9358    0.6393   0.04867   0.01973  0.005144
     33/49     4.72G   0.02485  0.009081  0.001422   0.03535        11       640    0.9105    0.8893    0.9351    0.6144     0.049   0.01977  0.005166
     34/49     4.72G   0.02464  0.009176  0.001429   0.03525        35       640     0.897    0.8818    0.9286    0.6201   0.04858   0.01991  0.005399
     35/49     4.72G   0.02476  0.009059   0.00149   0.03531       100       640    0.9384    0.8782    0.9331    0.6231   0.04862   0.01981  0.005119
     36/49     4.72G   0.02453  0.009116  0.001212   0.03486        49       640    0.9228    0.8799    0.9284    0.6192    0.0482   0.01944  0.005161
     37/49     4.72G   0.02435  0.008637  0.001072   0.03406        24       640    0.9559    0.8579    0.9345    0.6288   0.04838   0.01916  0.005037
     38/49     4.72G   0.02465  0.008971  0.001246   0.03487        32       640    0.9463    0.8676    0.9301    0.6227   0.04872   0.01914  0.005024
     39/49     4.72G   0.02396  0.008773  0.001139   0.03387        34       640    0.9481    0.8719    0.9295    0.6289   0.04831   0.01906  0.005029
     40/49     4.72G   0.02388  0.009175  0.001073   0.03413        16       640    0.9431    0.8642    0.9375     0.633   0.04831   0.01909  0.004944
     41/49     4.72G   0.02353  0.008474  0.001273   0.03327        16       640    0.8989    0.9045    0.9391    0.6324   0.04809   0.01925  0.004861
     42/49     4.72G    0.0231  0.008281 0.0009503   0.03233        71       640    0.9345    0.8718    0.9367    0.6369   0.04794   0.01902  0.004843
     43/49     4.72G   0.02324  0.009158  0.001098    0.0335        34       640    0.9671    0.8526    0.9367    0.6366   0.04756   0.01895  0.004859
     44/49     4.72G   0.02335  0.008856  0.001258   0.03347        99       640    0.9585    0.8496    0.9375    0.6383   0.04771   0.01907  0.004851
     45/49     4.72G   0.02246  0.008974 0.0009806   0.03242        59       640    0.9142    0.8897    0.9372    0.6317   0.04767   0.01907  0.004788
     46/49     4.72G   0.02375  0.008922 0.0009828   0.03366        20       640     0.933    0.8785    0.9379    0.6381   0.04733   0.01915  0.004716
     47/49     4.72G    0.0228  0.008621  0.001008   0.03243        48       640     0.914    0.9017    0.9382    0.6402   0.04705   0.01935   0.00468
     48/49     4.72G   0.02256  0.008174  0.001047   0.03178        29       640    0.9342    0.8902    0.9384    0.6439    0.0472    0.0193  0.004654
     49/49     4.72G   0.02264  0.008175  0.001125   0.03194        22       640    0.9233    0.8828    0.9397    0.6477   0.04703   0.01906  0.004738
